2022112201120020011121210210120012011210002020011212200012121011001000210102221120112012002210011210211000202111201002100120001021221012221002102012100100002002200212222022212201101101212122122101011000201001202022010112120201112222111111202221011101201101
2022220222202111202101222002112021100022120200221211000210220102010011200200202212122122100210002010020002000001121102010010220120202111220102010221121000110222221010111221101111121110022122012022110120101200002102210002101200010102010020010002100021200012
1221220002210222222100020220000120211100101010021022102202000022112101121000212011002101222200001002001010121120110122010111122212112011112001222011121220111102101100101001020012221101221220212011102122111001021010011000202111011212201002120120212000202212
2002210122111202200122201022221021210012022111100121100211101022202111020200210112010020021220220121112202220100120220022210002202211000002221212112221201121020000101002020011112001000102112111001120211110000020022221200001102000012101021221001021122112102
2112102012212202210100220012020111000200011200222220121221121101110200221012210121212210010222002202001120111221020201022111020000112020202212200021012211010122212102221220212121110222221000121000020110011020211012020021212010212010212100012220001220102111
0201110022120111212221121121112002002101202121001211100101100101001222202110220202212122111101221011102011100210001220112121110121011121021221010102012220221211022021121211020222121011011002000212000200110200011202201021200120121200122112100021201122022000
0200021210111200000001211000202011111000200110202101200102120211212002220100122221102022111202201010200021100101012221101202220011121112012002010222111210112102021101200022022102121120012012211002021001222202011211000112122212000101220222000200221020201002
0201222221211212012222211112001001222011102211022110000200001200100122001021211102112102101001011121111012011020001020020011112002012112211220012200122210210101111101002202212022120022002200202002200201102221010011221020212120222222201121100112101122211112
1021012121200121110220202012112001111112201222211020012112002022102210002021121002120221222220221221101211101120221121112220211122122121210001020222221212101012202212212020010000002020020112111020002202210211211102012012221222111010201200102202010220202021
0202002120111112211000111202112211212111202201000002002112012201001111012100112111210000010010021220201001120110101210220222111112211212000100101222010212010222021011210210012201020210010022210020010100201012222211201211211202010112122212111121122020002012
0021020101112112011112021012220012220102012121121010101112222220001012111211221021110001000211112110110000012222112121102120020222112002212100122010201010111010210211010212122112222212001111110120220201201221020100011212201222021121001100110020212022221121
1211021012000221200021222001110000011000110011212122012220002001201111212212222121122000010012122212022211020220001202020011220210220121010020201020011202000112012212101001202021011000111000211200002022110020202202001112200001222101121020012000211221120102
1211010012002120020122000122221221021011011211000220102222111000021101211011222121101220012100001020122112221100220112221211212220222201001022100222122001002001002210212001010211111220022121022212210000010002121002001000111020220211111122100111022200022210
2012000120221200001102010220001002212111011011121100212200200011022120010201101022211121112000211010221010222222102002210021220101012202202211102000001101110020200200010020212212201202120020211021120102001201002100221101022212221110010121210020020021002100
1212021210001000010100111222002012210000221010212021200012211002112012202121200021220222112021222202100000001211102201221211020000100100110120121200210001211021010020100011102210102200122101122122200002012012112211120020110021110121200012112100010100202010
0000212122202201221012220200212122102001201202012201002102102221010212111220102012212111101202120221202200010220021220021100121220001201002101200020010220101000000021020210121010122221112210020001111101011111020120102220111222201222000211121010111202221102
0012021111121020000022102120121000111122202112210202020002010220000020022020210012120102212011111110202120111122001111021022221110022200220011120001110000020212121202102022211012211001211210122222002121222101201100112002120110201220000121201012222112211000
0022021210212201221001000101110001022221220110110212210210002221211021011102101220112022221100112202221012010100000222011121221120212110102201001101011112201111101200120110000221111221100011002221120102020011200111102212211100112001200011000012220201112012
1111011211202201220201000202022000012221112201000102120201111012212220101001201212121210201101010001211221102122011111211111001212212222001020201102002111021011110102000020221202201122102201001010011220220020021221121111112120101121110021222222120101022111
2220121222111122112220220210022110101121000120101101012202002012121122011002121201122022222221102102111120122000200110012100221112211122221222112220022112200200200202121002111022211101020120102212101010121220221201002211001021210121021220022202120201020111
2020220012020201110120022221012110120012001021200022020202210200201211121122000011020001111000020221100000201122212110222011212012110001122000122111021201201222211100220111122211020211201101100102122200022100022200021000110210022212212210102000201202000222
0221121022110000200200110012212022201102001022212100102220010010210002221002200002120220112121111021122020020202001121201110122110021011001222112101112022011110002010112012021111021110011002221011111121201121110020011110102211012200011200010002010222210011
2202111111121111010020121021101200002222212111002011120020011021202100002211210012110000221210002111100121010121021112020022111012100000011021010121100121000221220001122111200111200201001102002201210000101001111212220220000001000022101012210200001201100211
0020111211221112000120102111210200212110012010001022200021011220210222211102121220110112122200122212102222102020222111110221012201121222200100111100222210222220102212012121020100022111002021201000210022202201220211201210010120010022200020202022012211102001
0211000221222111000101200012010102221011202211200012110101201101001102012111111120010122122022001021011012201110111112020200000210220121101211121211100010102102012102121221112121201022102101022011102200022211121022221011112211022021111111212101200012201121
0210100021002221211210212101221121012010202102211022211100212211001120202022120100121001102210112012011211012221002200010010222222020012122110021022211010110001200212210210102101202210211012111212021220110211212202002102120011122021112212211112211202021020
1112001220010210002011122111002221210202102212100220000101120121200210120122101122001102200220112010002111010011010021211021202120112220112001202101122101221122222101102100200201020121201222021210101121001012102110212221221011012200020202022122020222222021
0122112102122201001210121121000110012022120012100021012101001002010012012121112121110010220212100010011221222122122120122120011102000122100000110021201112020012022210220021022121112022110000200120220000111021021122000220011000002021011212102120101022201211
1011122101202002000221210101220221201220101201100020022011222010001001020200000122122000021011122112002122000020010022000202100000121012100211002122002000102020021011220010220211010022020221022222121011102000122222010210022012021102112010211212201111021221
1012200201001212120002211201222010200000002020101012212200011110000202021100112000010010002111201212201210020012200212012120110201020202002200212102201020002102112112220222001010002111110122120011100200122112211022122022221020012110021221211201001200002201
1120212112120211201020011212002222121112220112121111000021202011221022210000020200000002201122000111112101101222022201211022110200112222001010122101201002111212212221200121112200122222221211002000021122100022012202010100112222220221122101122220202210212001
2222202101100111100212211100001102202002221121021022000122110012212212202221000202002000021102021011200010001112110002202010110122221200100121000012202010011120111022202020120201020201211112020000100000012121012212022222011110110120011100011101210012202221
0210001002120102002121220201120211120102021112120012010002001011002011011122002110002112120222022021211200221002221020120020002000022220222112010100220220000210211221112212121121022002000212002020101111211101220202112000201020111121022000002212101002222001
0102102220122002011102222012211211220220122020101200121002020222120111000202211120121010102210102110200121100121211200102212201221000100102202111212120120100201200021201022211102201001211110020100021121110122120022111002221211201010110011201000212221201200
0222010222212202210210121101222022200101122121200112120011110022001112101121100120011210012212012022102100200100220020020202022010120021122211022112202200211111002020122221011021211200122112220120210200122022220221101112001121101001201002212212221210220002
1122102011211100122102102020220220211011000012221120211212110210012210222210222120020001001011212220201000011201010121112220022121001202001100011211220022000010211122211210222110222212000221112220222211202101001020100110021022001112222012011101212211220222
2221212222022121112112122101201100120212022210210101102001211000121220001022222022001202020220022121012222001011222111211210122121110022020012210120100010120001122020122220202001202222102020102120110102110202111210002100202121000200001201010112200212202022
0022200022122011102121211022211211001010102022102100202202110101122010011120220100120100120102222220110002101111111012121100201010112221020022121012202212022222100012220010202000220220220111102212100110000202100000211122221022222100021020111110222002202112
2001202021002011010010122022100212220112200021100011002120212112212101102110001101112211220220000220001210020121121122221102221122000110011212121002121200201101210221122100001212110220212010220101010210002101020021102020101110121121102112220102021011202102
1220012210010122110220002120102010111212100011200220022001210200021110012102201111211021000120122211200011101011202111201100001110211201200111112022220221100021100221102212221000202012220021210220201201011200202100002220100202111002011002120121220222022002
0122001201201111000100020220122221121020122200221011201001202002112220102222010020100110202210120120110102011012012211021022010220211211210100200102100021222111201210202101020011011012012112122210002012211121022120221120120202220111211100202212101220011011
1100001002120112122220002022112222121112101010100010100002222011021202200100200100221112020110122122112002022011201221001012111022102021221200000010210101120100200120200220220211120121101011121021122010102020222210212111122110001202100012001200112220021001
1201222100020002221212021001221211212100201011001100100011100101112212012111022001222220010100010002221020020002220200202220210121002121112112112112221120111121100210101221210001102112210221012202000222102012201202111221212211122120110221110220110112201100
1001121212102200220012111120201020111200122101121100100200201100211112220012102121212222111000022021022100202220101010101112110020200101200120210012202100210002011101012021120101212022021011202002120211120021101021002021002222121002120020121221212200202010
0212011200200012201101022100212220221120212000011000111211221222112202211201202022201000101101221012011102121011001020001201001112110112201212010210012212010211211000110110001101111212221000122222211021110222001110100211110111211011221111112121210010020122
0110120200010110011010111000121122001121211220221021222200102211021020200010222000220220212010211121022001021211110211121010010122112121202101211022010201222101112002001022021210012122000111102121222201021110220220000002012220202100011121222021021001201102
2101120101120111012120121222102202202100022002100000221121120220001221120122122001201221111102212010021000110202122210220211111020002020000221002212202101022211110020122122120102012000110110022010010221202100001121021110121110121212120112120120120202101202
0201200112000021200200101000102020021211012222122220100210010100222200202022021200022121101021112101001202211012220211212222001102021110010202111122201010121022120101200121021011110112221000100120010122022222122210002020212202222011012111220020112222212220
0120021212010210222021102012002211221021021201110112112012002022112211110110020111002121002201122012201012210010202001120101020001110121011222222212201222221002211011121101002021111011102211021202002200012011121100121201021221220021001211110101101112000211
2022021200220102201212002101010112101110220222120221100202012011000122010012221110210101001211110012111222210112222022121101002000201101000202002200001211212012112011121121122001202001002102211002112212111210022201121202222120202211121111200200222221102100
2000202102001200112211122011221222000010010101110220100112012102011102210201202201222211001211021000122022121001221122021222221020111001102121222022202021111101000112010100112102002220200202212212010011221202222202101121212110012111000121010001012022222220
0121100020122010102200002002210202010012201010121221000102022200202121002222020021122012000101201120002120020020220211221010120121210101221012012002112021001011110101102202012100200000002101111001000010100112020002210200221002011002110121110102112022110021
1012220012010201221121111201122112112122101200101001222001022022201022212102022110120001120000221101001100012121201122001221021112122100201101220200111111101101002102000220222021222200202111122212021100010112212211021022222000202002212022220010111210020210
0001022110222112120112100202000010100221122210200222120102000221001212200112211022121012200222200012202202121100211101121000002000012021001010010010101122010022020110221221012022222111021100211210101000210021101020001100000202211111002020100220010010011010
1200202200221202112101100112012120001211110122022100101122010102210222102110112102200120001120112110110222202022122002010011011221022111111010200222220021010100002121011222201012122020001202011200222021111020100021020201222202210222112001201222211000001111
0110122010212122121220111200221001100200020112011212110022200202222112200110221011112200211011121202210220200110102221102201012002012120011122002001020200110201111000122220110212102112101111010002221121210021102212121111122110110221100002101121000012202002
2012020012210202120111111122122002100222212111021012210220212010211121201111111210101120201111121102221000100000122202220000002202221002022210012021200202200211020022222122200101211221102220011121000120210202211000111202120010120210010011020200111022120211
0021200111001220220101110020210010110002012202102010222221202011200101201212220202022001120002210011020120202100102000011210211222010122011102120011202222111211212211202222102101200221122101010112201200011221002112020100112220121021022222100110220022002011
0212102100100120101222120100001122101001122210110022001121100121100212112112022121020012002201202111200100020110200202002102020112222010220212102102200202021120102020102221021202111022011202211211121112212101201221012010121110110010001110102002102011212001
1120001121200221011101122101220011101211012210221000021011221221111021001210220000020220010002211100010010010211021100211102200002111101010110122221002012021211220102002202200021022011211110111012201212121212120122101100222001021110221001021201122102211011
0222122100110220022102202210122022110222220102021211220111121020202021001112112001122210220200110111120121212020121012222222211001220122002221110111112202200202002201121102222100100121022211101202202011211210012212010010200222102120221212010222112010101010
0122020112020102111120220012100121111022210222210112020020000211221102202210120022202210020221022000100001122220211201002011002020102210012021202011010011102101120202122211222212201010220210112121100211100122001111000020002111212021100112111112200202011201
1022220102120221011111122120210012111120221121012111122000012100102000110112022001000201001010122211001122221222211200110000212021121111121021102000212010100121200200202101210000001002101022001212021112102211010022120221221110011012121200102010111022201010
0000200021101122100012202011021021012110000121202021002211001020110111102021022201020011121212202110110100210010000020002211021210020022221220221001222001212112212020000211122222001122010010012021012100001100211202001200120221020222011001110211222210012111
2220001201201002102120220000102211022022112201122211222220021211001002112210110010010221220100210000010222200021111122111110000221211201212002020110110120201002220011111221022102012021202122100212002120002122210011002211002211102200000000202120002012020212
2100012210111222201001222202211002121100122211001012002002211120102212200102122102002222121000211011122211020220112200111021111220011112020110221022222111002011202210101212211202111111020122010012010110102200212222002222110012210002101120110110212202220002
0012201000102021112221111012100111021122010100010100112222012121222001001121222121122020021011101121120112211221120202212212111202210010011111212002111112221011001121122010200022100211012211001021122121012101202011212222110102102110120201012112002110212212
0011020222000121020210121222100122011121112011212011010110011002221211111021200120122122200011221212102001021111212000210100011210220022121002101202120210202112202211220121111021022010212122200002110221211001210102112010212112122012012200021001002201012121
0222021102222210101001211010112021011100202120001212011120102202011002120001212220221120210220200100221110200022210212200120110110211222011121121102212120211010002102102110210011102220110122221122102220011220210201122012021200202201011020021000102020211020
1022112120222220210200202111202102200011122222001210011102002212102002121111211111102022212112200111012201200010102111001012110112011221112010000121112112102221000002102222211101200102110202202122220021012212110021021200112122221101121201000220120211221211
0010021000020122120102221122020001021012102211022010212201002120120210121111110201100222101002102212020202011202110010212101111211011120002210022000000101102001021212011101112210112012012122120200000220211021111100112221112010122022110022000101121212012001
1221201122001202211000110201012100002102112111211220220211020222111120102002200121220011002000010200001221000012202210102100021020022010020002021000101011221021100201221110222221211100021222201222100102021212011221112122000020221210012212221200211110222011
2102110012022112022011101201122222111120110212001211220201212122221110222201211120122002101011022011111011001111112121102101002110212002120202012102020000020221222222021012101211222010022111221222122120121220001100102020111102201112220202011120102110010020
2110121221210201100011212222102022010212211101020221222111100222122122200201210220210112202011122000000020001122022221120122101221000102112121101210021111221121220002202220012000121220221210202000011022200011111120221122111111101201101200220220202120000011
0200010012121222100220101101212120021002202002120102121001112121000002022110102002121121001200002021120110120002011102011121112101102120100112011121112200002021202201111121001200200101022020002010200021210122220222002221000200200110010220121020101102100222
1011101112121020202111011201021101212110000020110002222100211122020021100122102200102000211022121001011101101220110221112022122022001001122112201011111221011210101220012112210110221000101002101021112022122202221002022201101200101020001001221210102202001210
2120112021021112101111212012022100010012022101100212012202101100201110100120112200001100022020211002000120112201210202002102222210101000012101202002022022200211122120121220000020011212001221000201022122212010212222011100210211210110212002220202001012012102
1122101222102000022102001001012000021010122110200220211122001101102101220000200201122000010200021020110211012010121000122121011202102022002020112110111021100111210020002011020211212020100120222012010222101020101222102212222011110211101020202100022100212101
1010121211111221211121001212101022202101011002021220111110202021221211012101021002002010112200012212020201111111212220102021210210110102111202222011222101210222110101201222210201011210200000210022222221000110202122010102211022220202220102120011201221112122
2020201122022200121220200012210002021121010001122210110102220100120100212000222111120220202120212011102202211122110102221100212020022202002222022101101211222012012110012111112201111212000101210201112020012220020022002100011101021211102120110002222201022110
2012212022101112201022111222120011001000100222222102001011012200111220121111202111212111101202102211100100120221202220012111201210110122101000101202002200210012222122012220200211012110011101010120100112212022200122222112220121020110101020002202101001020210
0121112022020110201112012020200021200220100111201020012002120100100222022212022000121000002000211021101220012212210210202022120110012222211201200222011020202001220210021122110110122110122212122022021121120220200102200021220120222200221011201220112012211021
0212001201010110001001102200010002001002212122020000022222121210210201000010101011211221212210122221022000200021000221100002120202101200211020100202120022120021122200201020201210112211010111211010211012010022011210120201111120200000110102220200001121111101
0212110100112112112200012202022002000002010212221221000110210121100100021222021022100002122221210211211122021202011121102202201201001221222022220220221002111000021010201111121201202210012002101110001022010210012112200200001122110122000111210012222100001020
1212202010011112101111102102200100111212020210222000000110020221020222110022001212102100122210211210212010210211021011210112021011112002201210110221110021222221212021212111000200120120112202000021221212212000010110121221021212212202202121010212120221210210
2111010020202220100122001001102011110102010022020121110002020201002011220111221021222200021210122221222210110022120211010201122222102120221020100201111010000001210210102001221021012102111200110012000022111120010002121111100021112112000112211101220112211221
0201102121201000220020012000202012120012111200020100101200002100120221211012010220111010010112001121221101222112110121002210102010221022122011112020101212210020202111102012010210000011221022220012011220021211211202111012112010011012022011122100020021210110
0022110021211000112200211111210012012202121102102221211220112120022220112020211112201111200010122100002001011121122020120212202122102100000121022000210202120220012212012100102002122212020111222011120101020110000111002111121112201210021012200000011120212112
2121200002020021102100222102112112020011220001222012201112010012021002211211121221000112020220201010011220112200001011120100011211102120112212202122202012001021200022222012011211201110211020012222202201110022020122122022021221110120202022120112110201012001
2122220110211221010110012022100212220021111212012000220200202001100102100122112110210000101220100020211112011020011221002110211011221122120100021110122111212102201010100220000211010210121100120010122111210102002212201120202011100202111112201010212211100100
1112121112011202021202222200112201220120010200202220000002020012000002120100202212001210110020122210201122212102110012022000011201022220010222001111212221021122220202011101102000112210010211100020110221022210011102221010020201002001110010220102111000020001
2011010210021202202120211002202010110020220000212100010222021201221101010202220210112220222200100012020021100122020120110111111110200020011210221221012200011222122222110002101120111020021201001020021200010002212010121101221120122201021020112012011200111110
0220121121101200002002002000220220200200010212222002112110101000020220101111102100120022000110222022212000011202002010020221112001110100112210120201112110220001112201222000020020120001022000012100222110021111101112101101202212012220201112200221102120200111
1212020002120102112210101111000000112011121002222111000202001010210222211012011111210120002220122220201102011002112000210100212201001001201120202112220012020111102011222100210010202110112122012102021010010010111112110011100121212012120211100122022221011101
2210121221210222000211012210220211102222000212000120110022010111112020010100001002020200221221221020212201110001010010202022022001011201102212112022211120200121202222221212102202110120200122012002221101211101020000201222002201100212111000220001111020112100
2110100111012020100221102102212121211221211100100202001222020222120211201120012201212011121122201112211121221122120220121102201220102010210220011221122001221200110121020121121201202010012022111122221020110010001121200121210010101001010110200020001022112221
0110010100222011110110200110212002210210000001012001022200200222011211222001121021002011101010100121212101001010121120111100101102022000202200000010202111121022211011020120202102021211010222012010111221012111202201221121210200210210201220210220200101222220
0200221121112022100102210221221200100121112211222011021011200101022101212020102121012002111122020210020121010102112120012120211110201000121022202110222202001011211201011211012011120110022122011122011202100221211010022202111220002022020211112102012201200210
1001202211120100011022212211110222201120200012220100222010000222212220121022211121110112101110011022001102222221001220000021122200100222001112200211212120211111120110220212210221020010111100220100121102101020211022110102112200001021112121220211100122001101
1002220012000021220001010201011212010012000221110101111020122220212021002201022201220200000100221022202121122210011210010222010210222022112222200121220200211212221110022002112022210122122200220010000021021122101001100021202010022221022212210000120101001202
2202011000221120222211201202010110022001221111202012201020210121221111112022120110200000101101201000200012221112220222120212211010211102211122021220012200101011210110221222120020202111221121002112021021101002202222002220111120101022100102021110120111210220
2100222101110221210001121200000010022002121212000211110002102222022011002122210000211012200011002100022021120220222222002200212201011202001011121000220210000000102011220012200012111210222202110011221011011201020212200000112010001011101211101200021020022201
1220212022212112212220202102010000120010200022002110211210200010110011222210110022110021200101010202110101010102022000222211201021121122212011222200210201222220222010201001120010101202111122120122021020010020211002202111102101121020101220101021202000021101
0110122212221221002220210002200002212222010101112221020002000222221012201110022001001011012220210201022011202100021111201111222100222021211122211221112120221202112011220121122201212112211120002221101020212211210222220200022201120201121011221111000202222122
0120221022201110122111010201122112202112200011122102111110211110101220112202101101122211011222022100212010010001222212120112221222001110212221222202222000010112100010012001022101211102022210112120222011102202200000120201120002211112012001001211111110222100
2002101212101012200102110100211200201100012112200012122000210121210010210000121201102211002001212121210112221122211021012100011210100012110002201010122200211200100112000201020022021011111121210221102211120111012212221012122022011202002112012120200121120120
1112212121001001122201001200001201211002100202012112202020220121110021112220111201122001101200202002222211101122012200001002200112200011010220100112121202200010001101212111021212112111112110012200102001222010022211210010111100211200011202022012102220101122
0020020100122101012121200122222222121020211112020001010020102012221002002221100210021100112120121200222000011010122100100122000210100102222112002011210101212200101011111222201022122220002022122210011201111001202002200122101002010112110022100222121101100012
0101122020110120211201110220022000000012002012122201111020120022110001120212201012121001100202210202021221222210012111110210111111200121001110001121100120020221221200020022212021122220222202002122112221202020010022101020011011121212001001012001222022000202
1210201120212122112012022010120021220102210012011020011120002002102121100120220112122221011002110202220221212010201102002011221111020102102021002121022101121221222111210111122210111102111101002020202200021212121201002002222201102020200002002101112110022121
0022000101000120211121202201002212012200011122102112100212201121100111221222021100110112011011002220202120000212202122011100111112001002120020022222010002122001111222102102122010022121111011000001101111212110012010001112221211212022201011100000102021011222
0000001020212020211002020020002100022202120121012202211112112222020012121102111020222101000110220000011112022021112120120002112112001002111020022200110022021122202010222011212011221200020220011120212012220111020000212220212210221202222020211121101112002221
0211102112202101021201212102120222010222000101002201211200201211020210222111121101010002200111122202111001202012200100201212122122221202000100010112121022011202011120212002112021212101112020002122011012222200000011200220222222011001211211100222001101002211
1202022200012220001011021002212001111222220020010221000111001200212121012201100110201221000201002001011000012122212122200021011101102200001001212102000001111000010120002221212221002100220200212220121021202120101022221110222220222012011102020111202220222102
1121001120122011100102220111210210022202000022022112222101200012121001002211112110121021202011110010122211102221212202111100220100122001120202001011210011111020111202001120222110221122120022202022012112022012000121222011200001122120000200211201220011000212
0020121200111022110220202120121100122222000202212121000200211022011112112011221101121110200102001011111201101021001120111022222211120100101021020122222000120012022201012120002220112002012002100101101121120100121210022101202101112212010101201111221021111202
2011010102012102201100222212200112122211200210200100211100111220111200212020201102000112222210202002100000110210010122102210010002101011201220120201210120122221011111101221122000120221200211211012220121110102110212102012110221200210222022022201020121100121
1211200002102200022201212111012211012220100120022201111211021200122120221100100211100101201020022111220001001220002120110201021012120210110202111002020022201210010122202112221210112111122211201111202110221020201211020111121201112022210121020000222201002022
2021010021112002010202201122022022001110011202200010021001022000101120002200222211022000120021010012220221010211210011001020202211220011122120211212022002010200201121001110022020022021211122011120100010011210002000010001112122020001212100122120212001201212
0220101102100122020002201100120121110002210020210111010010110210110202001021021011212111112210112012021010102202221210121101201020021221022222110112121000202012120102000010121200122221112022122121011110021110011111002212211211011002002200102100002201202120
2211212012210211110012121201012012000000122122211020211211002012021110202212012112020201101111000210111122221020111012011110220022120111021002110112212110212002120110212111220010201111210200120021012110110201010102210211012200120110210211102212122122200112
0202110002122101001001112222000111111120002010221121101222012111020102000022001102100212200210011012101100201021000011101220020011112102112022021221222211101112020221020202011101211122021001121221120000111022022101220101210012212122021111121201000001120221
0120000000101010020120121122122200201110011212200112122201100121120011122111000111000211111221201222101211100100202002201101022001012221020112001002011100010110011210100102212000210222211102220201020211220102220010010121211001220000102222122121021211022112
0022010112002002212001002201210102221121102001112122002222102122021122001122002021121020220112011022020001112002221022012000010201012021011202202022012100101222100100200100102221012201121020222120102101000211220001112002000210220102000202021111012101201012
1110211011101112101021201222002012011012012210211012021011101020220211210002111102012211110122110101100220221102211010212111211200100121000111022022222210021202010020221022010211002022121011000010102101102202010212220220121022102222222000100020120210210121
2220110210022202000110002201121222111022120112201010210002120220020201000021120112221202112002200121120210022002120100100111221210011001210122121001001222211120000101001022221221120221111011210222012121010122211002002202102021011212101210221202221110222112
1121022010122111121000020200102010022010220212011211012222122121210011001002021012111101000100100121001111000022020111120101221000102200222111120220110220210101221200120220200002012201202200221222221001101011102200202000122120112110221001012100022022202002
1221110200002001022000220100002120212210020022210000221202011112000002112010121212202111222012220100200122111200220211222121010111021200220002221120211020001102202012011220010011202120121011120210020211012012022020012201010110020101011022121202012221210022
2011002221021020022222101010210210221122112202102120100001221200111000211200111102210111012202112001212101121000210210121201221121222220111111001100102121212201222101010010122100001222221020021002121120012212011000000000122002020112202100021211201112201020
1010201210021101200010012222122120222110222022200012012001121111100020022202012021100021212121001200000002201221212201012022021211100122210022022222102010112011200222001112011001201201210100201211022212110010101111122022222221110220201022212221121102012012
1201022222001002000220000112022202122011222121212011022101202201011122221011202122110011221200021101102201100120202201111020100222111012110000000021002121011000011022111001001000102102020202010212110210000020202021212012210221100102111222210121202210201200
0022110000122212002111221001221221211210212100100111200210221001211021022201212012122102100112022120022220000011221001110120011210112010102210110112120022100122122212110001212220112211220100100021010212212021011000112102001001222222000002211112021220201101
2222100012010020001221010111122012121221001211000001110100210122000012220212110001202222101200011221110001122220112102220210211021201022002121011200110000011111001011002210110110112122222120110210012221222010111212020221112111212112221121111201101111102001
1201202111122102020012000122102010201020002001121001221002000121100122011022100010221102222021122210220210112121222112100222200101000100000012110202111210121220112101010211222112102110112000021112202221021020200220002110211102102110222011010110121102001202
0011101200012120120121200122202200102112010201122100210121220022021121111111222111022001120212111101102210100111121002121222002221221122222100111112112221200212102102221112201122222211200200121122202202202201012101010101022201001121101022002000212122210000
1022211101002212102102212111000221010110100111000112211121121121100121110222200202212012222021001112211222120011111001122001120112221222111101211001000000000010002002212222010022101002100200021221200120001111220202122200122012010012221222222120210210202101
1002121110221021100121212120222122000211110111102201120220222110212020021210121012212101121020021012021011002001021200011220020212012001110022021212210200202020222011210001000200021011021221110220120020222222120011011200110010011202111200100211012220100001
0222012201001200010102111210012202121002212210012112122200122221022002220110220010010110012111112211022000111022110210002222110002222120111110100102001102012202101102020010020212121220010210220010110010121210002202020212012211000120022211211001001010011121
1002222222022202100000202122001111202200011022101220211020200101210121001121222010100022202201020101201202200102201211012202200111122001110121122211122212210000100212120212201002200222002220212110022202210201200121201000202012121122011002100000120120210202
1122001022221012001000220021211120112111022220001201222012102012021000112122110011100212221120221020120100101101020022121110222221200010122120002012101012001021121222012100020102220222221220212200112210022122021112220102111122200201012021102020220010110000
2101100102111101011120000010100221002110010221221102122220202012012212001101012120101211102221011200021100012222200201200210121001210200100212021121210222022010001110221220220021201111002002201102122201211011012101202122102022120011112000220020221200112002
1211012211011112101001220102001021012111222112011020212122222212011202222222202002001112220211212111102010222120102022220211001211010002101222022100222102202201110222022010210101021022211020020011201001110012202122202202122022120101210200120221201000102100
1020121110112110210210202012002022021012200100002100111212021110102112200102211010002121002020011210021211111002201022222222022012212222210020111220010100110222022220200102100101022220221021022212111101022210220220220220112221211201002222022102122102101011
0220122211220010201200112120201122110020101102000101200120012011020102120010012112020221202211011012102012012221100020220120222122220001000112220100011011200201102210010222011221221002112100020200001210111111220112010012010012121000221221210010102000102100
1112201102122012110220001211020111021100100202211210211021212221102212110210210212020101011202212210112201020000000210222120220220212100001100021011122001101122121120200021210101122222120210001000122202101012021211210202212202112100210111211010101212121110
0000022212002002102210222211010022112021220210210200221101010112020122212021221100102022102102221201110010212201021001212211202120110101121221120100011101221202202222200122112110220221122202101212201112222001221022120101000020112200012112100020212210001002
0012112212000212101122120001120201021100112111022202110111101112101112122011201110021021210022222102222202220210210121220222211012002002000120002221022200201001000212001202220111200012001112212022000002012101001000110010010222120212001112021021121002101010
0101001221222222121111002211210200122000010201222221101100122201201012111210112220221221020100000200100000210112210212210220202122010210200122110102100222221200100121110102002010121201121102111010212210200012110122221210121122121122200101020120002020012111
1012221202112002221112221002012002012100010112020112022001211021001221020111200110122101102122021222102220000002110211102101210120001111022021222211020020022221122102112102001110022110022022202000001210221010111002120211201212011210220001011021112121012122
1221011212222200101200220112112120020022201021011001020021120200222112111202101021210221201020002012101020101011100001212201120112002021201201012222222200020200211102221200112012202122102011200222001210022201020001000022222011121220021012222121000020200022
0020022212202121121002222012002010001020220112222011010220101102112012121001101001211020221222120221200220000212011012012012200210121010220001220211110100021211002121011200201000211120012102020010010002000201201012120121202211111121110021102222012102222210
2201011010212002112201212021210110111222222122012101222112100210202212122110101222122010201010220010000022212220212112010120111210122211100112201121201122120020200022221221020011202202021102101011100100112200000000010010102101000120112210020011002001112220
0011120012222220112012210000122222200220012000110001110100000210211222111012012212011201100112211102202000112121120122111211200201011000120011010100022221222012100111100100221220122212112100222100001020020111020212200121100201020202000200201201112021210111
0100021200112210010200022111222100020211021020110110002020100001222212011202012121020112111021022002221111102202012121111112111211011222112010221200111110222111221020000220012022100110202002202210112200102211202021212112122211010001221201102010110121020112
0222211110022200200120010220222011212122012120221121222200102012000121202000220101020102021020022002111112000121121202112020200010121212201020002012220110021002221120002112002120220200012001220100211221022011000201210211022212112021011010121210212112101000
2012221101002121202200020102101120111010022121021011122001002201201112220002200122112210111102122202021002012121221121001121200022211012022200200120010122211212020202001021110011102110220210210102120010010100220122222202012011222002212000201202002121010221
2022010111000201200010120212101012121122212101101120202212010210120101011202210111111211102211110110202010011100200012222221101222121001222012001012100010111202201211210111120221212100020122002220002021112210101201000102221221202002010112210101112011201222
2201100121012102100220220100102121000201020221122101222112222110022210012221201222012210010122210112122021022202210201001212120010101201220200021101111022002022022010102022222102102002111011022202200120111122210000202101112111122121202121222112022002001200
2222201220102202111201111201200101010212011011020122120012002201220102122122001220121111000021102121101002002012012212012002010201200121021022211220212200012020001022221101201012022212120100201200101022200111222222001101020201101022110002022222022221101022
1011121202121111212112112200102201120200012122122220022112000012122022221020010120000001102112211212011021002010212010202000011201212010000001021222110200211120101010000121021201112112100110110212010120122002211201222211000020110012101120020221011011220011
1100012122002220110220212222200221010201222012122110200200110100022020122212102011110111202011220110111001200121110101101121001020000002021100221000221100202202002012000101112000210101010122210100101212112221122202110112121010102000010020020121202122101222
2022020200111110202201121021121201202100021210021021020021021021102002021220122022222211020212001220120222011112201020002111222220222010011211110020221021222001212011202121120202220201011012011210222101111012020012110001201212111122001110022211120101212112
0001102002222110012212101100101211111100012221210101111202201211212122111000112212120221101222221101112222101200020000110000120001210020011222010001222112120212110212122211022120002111222101211102201001121100002202220122122020221122100101210121202112220111
1020101111111212211221220212120201210102010211112022202102001002012112001200010120021121012002012221012210111102221122011211112020002121101002112001212002112000222010012021102001100002221202011202210120120110212000200220021020010220121202210110222002020211
2121122202222220022202221000212001222202102011220100022121022222220002122202200022212020220201100121100010121210222212101011122122111201110220110111021000101101120222102222200210110202121012220221122002222201102022010001022000212220221000202212120021112222
0221121110020002220101112120221010001202221221201121021220102200110201222200200110010011002012110210211201111100020220202202210110121000220212200210110200221000012200111101022101011021120021010010100000102011122011022221011002210110120202110122211100001222
2211120210112002101221022000000200120010001020102020202212211122021001211220010000112111011110002112220102110210220212200001221221221212202111110021110102002221211210200222222202120021212001022200120110110202221220202010111111110011202221001202012010010100
1121221121002110122200020221012000101202021111112021210111212122022221111200100120001221002010211200212001021022120002221012122200122000220202000122012101211111011120020111010212011202221210011210102200201220211112200101201210001221120112000121012210012120
2220010212210122211200012121202021121010202101202102020011122112200002021010001222210101122122002121121001001211212201120002222212211210110110021100022210100200101002021202112100211102222010021220020000012212211101122112202212212112101000110001202202222120
1210211102110001012121000121200020012112100121222001212011211200100202200120200121201222002112212121212111121001220202112122110122001220001100002210211012201100022210120011001001210101020111020011221100002202111012101001110112120100201200200200022012001212
0112000000111100012100212201121121112022020202020112022221012211202011121011002122222020020101100201021002111101110112222110221011211211221012111121011202100200021002122011200021221210210221022102222201211211212011202112111201121101100202002222122002102101
0022121120211011201001111212210001210101121022121010200101011100120210111200102220101221110122002021222000001022201210211211210101022122022001022222101201112212212020212100120100200020021001001201222122202100021000021001110210210101121112221222220222022020
0100222021102020221222100020110222222101200111220010221022011200201101212012222120021002201111210210112220021001011000021112012220220011111012002002222200200112012111110100201201102000202202110220222100121002021000100212202212212122110022111210120221111122
1100222001200002020102200011220020010022221002122102221221022002220001101020010111022022120212022002012102022012102020002102202001202012120112112111022021102110120201120110021200120220010210200221120120210120221211020212100002220112021000012111012122222101
2022122021102111202101200110022220001011202000111200210022002020001210212122122122210001220001202101222101221110202010100020210212112221110102021111110001011110220012222110002000222101220010211221121022012121112210011202010211220011122022110022200110021220
0201210220022020202211202022002121010112202212122110220211220011210020211000122221210000110201202021000202101012000110120200200012110200220020122202122000200010112200212212012110222101221101000002111121012110221012102000200122220201110222111002211102000110
1221020201220000000111012212211211020202122010121201211121200212021202201001202120110210012102001220221010201212222110021102011111201121120000100210201220102201101021100121022101011212202002010100220022112021101221200022021011202121011212212021211120122201
0111121120112100012102110101012211201010110200122211112222220111021201102011221102110211102101220000110112102200022011202200201022120202202220210022222001202120101122220210000010122001210022200221010011020022202021220221100211100221211120010001011010220212
0010210220200120120022121201210000000222202122121020021120021022212001000002212020202221022010002020012120010222102102201002120011101020012120211012022000202201222101102120012120210201022111211202020210221001210012211121100211112012120112012000021221020101
0201111000102021110110011111002220212022102002200110110110102122120011202100002021022201220002112110102120122212110201222022200102121000200002010020101022001211112022212110200112000210001121002121010212020111210021121112012110100111222221220201222102001212
0111022212121010122011201002111101002211021202110211112202210101021202020020201200021221012201222011111121112220002010112000201221001010020200112200200012120010121222010110212201002210110110120220120201200222011210112020101020111101200112210210222020022020
2000101102100222010012001121001212100112102011210110011012220221222020221002000022222210122211222111101112102022200212220001121200101020212001011112101000011010001112001221211001020221111001000201121020222221222010011002021111100002222202011220000101210122
1220011021202211011210201102122121221022122201210101000212112012012111211202002012102110010012020211002221010201100020022200002010102111222200002011010122222021211010121010022002021121122001222220200012210021122201112010122222112022010022021122000122211010
2212212002002001111221221202221020220101022211202001012120012002111000022102010212002220121111000200120020020200012012100102200121101112101122112201000112102001212000102010012201201112100200211202111201021100012020100212001010210100002202020220101202212120
1102202002101001011200002011010202201201010222001222220101201102200121101211211010111201112021102021120002002220222201010111011202211020111122122201211021221022110210200210200201111102201121021200200021221202011222221112021020121111202102010111202020100221
2120011012201012021120211002022002220202222222021210112211000012201112222212121020202002012010111000100111102002121212222111212222101120101101112210102220100011202010122202000210021212102222002222201201020122221001021202001210120101000221211102001021122000
2221220121100011122212020012110010110002100002010222112102022100022111201111120201110200010021012122210101020121010110002202220222021100202010010112021110222202022120101222212020102000012112120011201102111020200220201022011020210021221222001221112222002212
0001110012002102221102020211211022101221102212211021021100121102001021210112120002102121012102021112201101001121201122221210101112222201222111202001222212010110121210010221212011110112001210200010111120222011100102221100000012201122110022111111220212020120
0021100011011101121010121202101210002022012112202102201020000211022020121122112120002212011120021100102010021020211222201101222022110012210102222020220022102112020222201202011202111020010201121212020021221011222102101002122220110011210201020101211202202122
0222120011122011022211200000202112012110021202212112122020002022122021001000002011112210010100201111022212000002202000202120111221002212222102221201002010220121010110022111212121111210111121211002211000011210001100022212002111000200010110102012002102220000
2201010011101020202202002121212211000210002022012011100222200101022122001112000201100010120102020001201211121101110102100102101112201002211210110021211000102221112210201121012111101120202210221201020112100020000202212211122100222201102021112022202001000212
2210120100211102222110022000212211210000210101101101220111101011111000021122001100201120000010002220112020122002102021121000220220021110012111011102211020100202121002001221010022210011200211021110020212201210202000020202022212202211111222110000112210000211
0000201000020222002222121222000112011211112121220010100101210111220012211122012200010210111112021120101201201111121201001110201101200212111100221102122112102000112112002201102202011210102220000112202020110212200211121112201121002111120020220121121201100121
0112211011122002201201111210221012220112110212221222120122100111010002001222221122221012000100122022112000000200222212212120111202021001022021021220100121012210102221222012001111020000102211021211110022220220021022221200020002200101212000011001022102222122
0001221000110202122021111001121120222000022200220200011022200001122121012210212102002200011101201010022222012201001021102222122212102111021020210221110102211222211000202121010100011020212021012000212012000100221201101202121120020212221222102121020002002222
2121100211121020120101201201101101212001000100122210212211210022010011221120111212110122100121100112111222201212202112222020210011010111010122110210100021222110211222121001201210002221111210020221001110002221100102011010212222000010211001201210020002102112
1121012110222002021122201002012201112020120121021012002121011200010220221211022020102012101201012020000222021201021220101101100021010210100101102112220100112102001211000011100101121200201011221220121211211022201021012221212110102102020121002120220112201221
2100020110221110010200210210002002212211202022211120001101101021120122021112222111121202120001021111022221202110211221202110011000111021211012121202211002201002020012011121102011000002112110211111120020021101222220012122211122202000222022210100121021111112
0200000222021221002221020222211211120201222111100000000200111200102121002222021121200111120221211211200200000121002012020212002201200012202201010222111002011210011200000012022102010021221201000111220022000202222120102200200101201012110202000100102200002000
2010011111212102010002220212212002221000102122202111220210100100110201202212112112202012011122112010002201001211212222101201100022002122021211110221220020022210020000211100002210011221002112211201002210200222222012121102100001000021200012011021222010002111
2211011020121211210022110120112101120002102012122100000212120100012200101110100201220021110222111012111220012211110000010012222022212000101220121011210201121012101101002100022201112200000212120012000110022022220111120010211222111021000102110000120121221222
0112021111122102220120000210221210111112010200122200211110220100011022202210002110212200020102221100122211211000021100002112220100222101100211200112012000022201012110000020100222100121222221010100211000202000100122010102121021010222010201100010022020002001
0202022010111111122112102111101202012011022100220200220221102121001112220102022101101110022220101020100000212120021221202120100110010121101001100100110100100012200221022210002020200112101211120202200201022202012101021000210102022020102121201012100112122022
1200202011200012020120120211210021220022101010101021112210020001211220120002010110000100110012201012202001112020020011220020011210122221111222100101120201120120102021211010021012200020101101210221000121210110122111021212111100000112112121200120220010111201
1111102211222000110021122110211111101011020121222200110201120210110000111002200202011100012111012010210221100000010202102200012221012000001110110211121112212010222000021222200002011120000101110100121000200020022012101212001100221202111201100102011201212201
1101021200012102012010212221011120012000020120112122001102020102212211222112200122001122021200202212010112201110001100022100011200120102221211010020012110111120002102011101220012220112110200010212002220120010211102000012100202211010221212011010202221202001
0020112200011122201212211011212222212122221200112020002220112000221011022222001012211120020012120222202002222111101211020101101010012022221210012122212010020212210211210211112112011020001100011210000201210212022122220221201200112111000120210001220121001210
0001111222121012000122012221000221102212111221202202121200011202202122000111010122120110200122010120210100202211202000000102122220010100111121111222121012122000221012022111020011111222111121122120212100010101122001001102111111201112112120210211000200121201
2111221120022112210000010111012210112001111200111211020201002211220120221002112210011211221200001121112002112202201220122012122111200010201100211000202001211211221121210220121100100022010210011120221202122102102002200012020100220022110221212221010200110202
1101101111121212022222212202212200020100010202101010000100102221110121220011122220010101210002122222001200002221021110110020000101221221111002011001121201020210220112220201120221101111212211221002022122002021101000102122120021201110220100121220110100101100
2222212001220022011121021101201012211122211102120000021101202211212221012220001102002100221010212120200100101021121222220011220110120202022000222000021202121120220110100210121022122122020002011221121000110210200122012120021221201002120202221200120122012212
1100112102011022020111110222120002020100121001101111120101200122221221202010221102122201021100210021100011020211110120021012012212020010221022102201202222020121100101201122211100211222200212222121222111102202010022201111011012020022012122000021220221001121
1102100201012120220100100221101121101110211200222201200121100221011022111110001022022000121101011002100011002212121112011022202212110012022002000121221021102010000000021221111212101111212221122122000100022102120111012121011112011022212201112122102012121121
1002111210100202200001021201220112012222021101110021120120211102111021212010112210201220110102121220201210000011122101002121111222012100222121201100000222021211200222121210011221212110120121010200020002120210122222111021210120020121011010122212211011021121
0022202011011121200111100201202020202101222200222010211102010210001201200101000111222122021100200012200012120100100121110120011022000222121012020122200002022102111211101002012212211121210001212221202222001120222022211121201220211001011200001111022001020102
1010222100012200011100211211022200112022220020211211210222002010002121102222202201000010001212022222220012000221020121021102100220111202010001000101012222122200221012002020121101112002011021212221020200201112101020000200021100201010000210011020102111120221
2020110101211121022112020022221222002102121220220111001100010210020102012222012001122120100202222211220221110200021100211012111200122020212000021201101201222221022101110212010021202012221120222211020221002010010101022210212111220200220021010202011021102100
1012002201210201010010120202120022001011010120101211212110000121202001200002011120212011020212222022120012021022210212220011201002020011222211101110202021222122122211120221011010111100010001012211010010222110211222222222011012110021210020221010122102112120
1112220101110012112201022011000012202121211012010200102110210122220122120122201110212010222211000000222102222010212112122112001202010122101111122021210220102222010022212100002111210210221022110211012112222012201211212001021021220122201211111100222011211220
2201200112012002220001102002022010012122202012002202100010121020212221210201010102000020101100000101120020012200202001102021012111101211000012121110022111021122000120212211210011212202011112112211102111220101102002012022000102202002211110010012112202100100
1001020010001221202200222102212221022000122100211222012210011121100221120220002221011101212101001210111212101011001000221000002001002020010210210212220120110022001210222011021101120111122022211211111220000220120221002020210200012001211122201001220110212000
0201211122101001112210110200021100212012211011021102101121110220112222022000120011221010222200102200010201121011020211100220220212201012102221111111012112010200001021112201100020121102210111011221000111200020100120001222121101121110012220200201012110112210
0112021100112001212101110202221202101002011001112011112012001121221212212221002100222100212112122012112000011021100120111112110121200002012011102000211021210020121111000100002211011212210221002212222102122010100201022110122110101221121101012210121220000000
0100212012121222201202200001020100112022020121101002012002110112020202120022012020000102200010222102210110010212020102212000212211201212102222202002101010021112101222212200111122210010010202020000102222202212220122202221101212010101122022000002021100120212
2202011212220000222000210002222002101212210121020201021001010020211201110202122110221011111120020120022012200221012221121212122111102200200121221201212201210021020211022011200102100112100221102022011002202020200002220111201121012001121002121010102110021021
2012101201222210100121022101001120021201222002212020012201002222120010222111202121020210221100021021101022122122121222101100221022201021022101221222010210110111001021221210202112010112011022002001200111121100212112110000110221102121121001012102101111021210
2021100002212102120122210121020110020000222011102122112212202210002211100011020121020000021101121102020211200002220020021102001221102200121200001202100210021100201112001201012002110122012001110000000020212202221220001001000122202001112021102021022010202120
0220112222002010022000112011021222101221210220110202200002211101221022120221102002001202210110122022022212002201022201101222202002012000022110202002122112122002011010121011010022100122110201200222210022011221102222111222011202102021210212211211012212022201
2212221002111012222022021100212221112220220022212001011021112101010110221220121000202021222011001212102020012001120102012110020101112211010011022021202110121022011222222121111201110110200101122010110211021112001120101122000110221010200211000020000201012120
2201102212111002211122010012021112220102221101222212010112112200122010021102101110222011101200111212020212111110102121020201201002221021100221102101020000021212020211122102000012221001222201011122200211120201100212110101002000201020202021100220021202101221
1112102012122212101022112110121120221200201201000002222010000120111222220121000200111102220101212220220111202000101002221211212001020212110022120111020111012222121121010021211101001122212221100222011010221121210022020121202100001210212121100200012122202210
2121202211201000121021022112202100121000212002222022202110100120222011121102021200201212001201200201200010212221110112001112120202011101021120022120000221021201222011110112020001111221002000111111002201120102212102210021210201022201201000211102122100122101
1101012001200101020121110012210210020122011202201002122212022101000002000221220022122112120010212011111212012211211000121011200202122122221102011100022001201011222111010120102001220011120020000202111201000012100202221001021001020220201101202010000220001021
1120112022010200111021220110010200012220220221222100000121202212022022020102222211121212101222022111010202020112212120211022100221212200111110010200210100110112020002202211221222202010220100212010102001010121120220211210022202120122101100002102021020001122
2101110121201211220022100100001212010200011100220020100022022121122011100202020201121111011212201002020122200211121110122202022020200200012121202112200122211102021201022111211221111200111112221222122200120201210100021020110010002112201220110221201112001110
1022010101011212010120022102102000100000112000210221102122101011001010011200020112100122102202012210100020202022010020101100200010021101121022011212221002010210202220212002010202211122220202112121012202012120020001221010012212201200202112120211011211121011
2200221211200012222122101111201222221001122021002112020111121220101202122122200210121020221201121202021221002101212022200202002211001212011100111202112202012100102120102111011122201221112220111001122102201001002201221022021221022012212212201001121000010001
1021100012111022111010221011101022200021010102121102000021111121212220110122000021202010100222012001121112111102010120212111112202002211201200011012101122022012000000211212002221020012211011010101120111201200212210000020211010122202211120121220202101202122
2000101002022201200010210022210100102011200001002012121001122222111001212220011200010022022111021111020211100101210000111020001002020122200220202120011002022220202010000000101200022100212002122212201201020110012011001011221210002201121100211020220200202120
2000110212212110201221022210100111011210211011021200121122212210010212112221201022012202121212012102012110000111110212010020102212120022020222102001002210212211222201111010200201011111121002112020001102021201122020200112120010212121200100120002102002202221
0021220121210222211100022010102201011221111201001110210110111202020102210020222012101210122022102021211200100120111101110212022022022102120200010020121102210112012221112110220022012220010111200211110120201220110022022101010212202110222220100202101011120012
2220222121111211210220010001011212012202022100202012112100020010021220111001001101002202210212212110120022121020202000010120020120110121100222011100220221220101221212101021221110221011011102000202112010022211101100120000021220021022022220112011111221222212
1101211111120100210222012202011020220221112212000212011221112100201001101102012021000110212001211002000020221102100122120010120222221200110210101211120202102121201201211200101222001101022020202111120022121201210021011211020100200210212210220001101112012210
0101112100011102200211101221201200212212210022221020001012110100022102200122201110221211021110210121222021102121000111000201010201201212020201201001112120220001210120102210200212022122020012111012102010212220212002120212022002221011011120102020201201020120
2011212111121022010210210010011101200211210202221012122102220101001202212102112002110022102110220220122110211010012120220122222112020022121020220001221100110100220202002222222120202102020220011201221111202201110202002012110222011022112220202122112002022220
0221021101212022111121111212110001111212100002002120210122211212221120211211211100220120011002000000100211112112211201012211110020110011002022220001201012121112202201011112200112000022000102121112022221022212010102212220100101112210021102120221000210021022
1201201202012022000120121211112210011110121121220200211000212022210001201112011100210021210101010100200022202212220002010201022111011211012121221101220101201212021112100211110002100212211011022000001200111000221122220021102011121220220201102010202222221020
0010111102110122122101202111120212222122220022110221002210120102112011010201211000010112000101102201202012011201222020020002002211222222121120022202100100012220011021012201100102211010111011122112211100210010202012112210122220011012201202101112220222000002
2111110120112012122200210212211222011001101011102121211101021010121220212220221122021210120002210121102221102022222222102121222202011222122220200200012221210212020112102110220000011121112211122101111111202021002201102111120020112101120121011110021121221011
2221111011102000112001111100202211011120020121202102101012021211211012220202012020200202122111101110012201222212121112000000022121210210002020110222110021111212221221212111111201102012011020101112210021010102122101002221111012122012111100200100100212022200
2010000020112120022220000102212201100220221021000222100121120101021200222001101012211221110221220200220111222210210121201100222220022021010010000201012201011021111001000012121112111022200012101221110010022010022112201210121022212022000001012011201210221011
1010021111022220122120211002121210101022112202012212010211120110121100102121011020212210102212122202100021210110121001222011200000002020100011200111111202222111220112210120022000011021122210012120122220122122100002112120222020002111101022011020222121120100
0220100111120100021121021110102221101012100111201101122000102020112201221021202112120221122102222112001222001200121012021101200220110102220222022120211011121202020220210011020222221221021201102010210100011210011101112122000010200101201122000221000102122121
0200112210022001110200000102101212220111122222200000202022120110002012202021001111022120112102121002121210010112210021201212012000211211021200102222012011022221110121201121101012002021012210221210111221221112122122020020220210222021202221021200001101001221
1201121101001220012022212221002001102101110102012111010220202222002102200111102120002110110001200021112102110122110101002001121001112100022020012100211101202020012201101020022011020101120021011010111202221111001012121212021111221100200212002112000110111210
1122201120211120002202211022121110220121010102202021010001102011120211220201020122120220101202212012221021212201120122102221212222010200100220000001102100020100222101120011212022111121121220001212020221000221222002120222100122011001021000111021212120120211
